{
 "cells": [
  {
   "cell_type": "code",
   "execution_count": 1,
   "metadata": {
    "collapsed": false
   },
   "outputs": [],
   "source": [
    "import numpy as np\n",
    "import matplotlib.pyplot as plt\n",
    "from sklearn.datasets import load_boston\n",
    "from scipy.stats import zscore\n",
    "import pandas as pd\n",
    "from sklearn.linear_model import LinearRegression\n",
    "from sklearn.preprocessing import PolynomialFeatures\n",
    "from sklearn.model_selection import train_test_split\n",
    "from sklearn.metrics import mean_squared_error"
   ]
  },
  {
   "cell_type": "markdown",
   "metadata": {},
   "source": [
    "線形回帰とは何か  \n",
    "以下の観点をすべて含めて記述しましょう。  \n",
    "線形回帰とは何か。  \n",
    "具体的に言うと？  \n",
    "分類と何か違うのか。  \n",
    "【回答】  \n",
    "入力ベクトル（特徴量）とその対応する教師ベクトルから、その教師ベクトル（目的変数）と入力ベクトル（説明変数）の従う関係を推測すること。  \n",
    "例えば、入力ベクトル特徴量をある地域の犯罪発生率、平均の部屋の数、幹線道路にアクセスしやすいかとそれに対する住宅価格のデータがある場合  \n",
    "入力ベクトルに対する適切な価格を予測することができる。  \n",
    "分類は離散値を扱うのに対して線形回帰は連続値を扱う。  "
   ]
  },
  {
   "cell_type": "code",
   "execution_count": 2,
   "metadata": {
    "collapsed": false
   },
   "outputs": [],
   "source": [
    "boston = load_boston()\n",
    "X = pd.DataFrame(boston.data,columns=boston.feature_names)\n",
    "y = pd.DataFrame(boston.target)"
   ]
  },
  {
   "cell_type": "code",
   "execution_count": 3,
   "metadata": {
    "collapsed": false
   },
   "outputs": [],
   "source": [
    "x = X['LSTAT']"
   ]
  },
  {
   "cell_type": "code",
   "execution_count": 4,
   "metadata": {
    "collapsed": false
   },
   "outputs": [],
   "source": [
    "#x.head()\n",
    "#y.head()"
   ]
  },
  {
   "cell_type": "code",
   "execution_count": 5,
   "metadata": {
    "collapsed": false
   },
   "outputs": [
    {
     "name": "stdout",
     "output_type": "stream",
     "text": [
      "(404,)\n",
      "(102,)\n",
      "(404, 1)\n",
      "(102, 1)\n"
     ]
    }
   ],
   "source": [
    "x_train, x_test, y_train, y_test = train_test_split(x, y, test_size=0.2, random_state=0)\n",
    "print(x_train.shape)\n",
    "print(x_test.shape)\n",
    "print(y_train.shape)\n",
    "print(y_test.shape)"
   ]
  },
  {
   "cell_type": "code",
   "execution_count": 6,
   "metadata": {
    "collapsed": false
   },
   "outputs": [
    {
     "name": "stdout",
     "output_type": "stream",
     "text": [
      "[[-0.95648761]]\n",
      "[ 34.76519272]\n"
     ]
    }
   ],
   "source": [
    "lin_1d = LinearRegression()\n",
    "lin_1d.fit(x_train[:,None],y_train)\n",
    "print(lin_1d.coef_)\n",
    "print(lin_1d.intercept_)"
   ]
  },
  {
   "cell_type": "code",
   "execution_count": 7,
   "metadata": {
    "collapsed": false
   },
   "outputs": [
    {
     "name": "stdout",
     "output_type": "stream",
     "text": [
      "一次式における'LSTAT'の住宅価格への決定係数は0.43\n"
     ]
    }
   ],
   "source": [
    "score_1d = lin_1d.score(x_test[:,None],y_test)\n",
    "print(\"一次式における'LSTAT'の住宅価格への決定係数は%.2f\"%(score_1d))"
   ]
  },
  {
   "cell_type": "markdown",
   "metadata": {},
   "source": [
    "決定係数とは何か記述せよ  \n",
    "以下の観点をすべて含めて記述しましょう。  \n",
    "決定係数とは何か  \n",
    "もっとも説明変数が、目的変数を説明できる場合、決定係数は何になるか  \n",
    "どのように求めることができるか  \n",
    "【回答】  \n",
    "決定係数とは、説明変数が目的変数のどれくらいを説明できるかを表す値。  \n",
    "もっとも説明変数が、目的変数を説明できる場合、決定係数は１になる。  \n",
    "\n",
    "決定係数Rは教師情報tiと予測値yi及び予測値の平均μを使って以下のように表される。\n",
    "\\begin{equation*}\n",
    "R^2 = 1- \\frac{\\frac{1}{N}{\\sum_{i}^{n}(y_i-t_i)^2}}{\\frac{1}{N}\\sum_{i}^{n}(y_i-\\mu_i)^2} \\\\\n",
    "\\end{equation*}\n",
    "\n",
    "\n"
   ]
  },
  {
   "cell_type": "markdown",
   "metadata": {},
   "source": [
    "決定係数をいかなる場合も信じても良いか記述せよ(決定係数が高ければ、汎用性があるモデルと言えるか)  \n",
    "決定係数が正しく評価できない例を答えよ  \n",
    "【回答】  \n",
    "「日本の国民全体からランダムに1000人選んでアンケートを行う」ことを考える。  \n",
    "このアンケートの結果にもとづいて回帰分析を行い、そこで得られた回帰係数をもとに決定係数を出したとする。  \n",
    "しかしながら、ここで求められた回帰係数はあくまで「たまたま選ばれた1000人」に対して最も予測が当たるように求められたもの。  \n",
    "日本の国民全員を対象に「たまたま選ばれた1000人」に最適化された結果を適用すると、一般に予測が悪くなる。    \n",
    "\n",
    "決定係数は「たまたま選ばれた1000人」への予測の当てはまりだけを見ている指標です。  \n",
    "そのためこれを「日本の国民全体を対象」とした決定係数と考えようとすると、予測の当てはまりの良さを課題に見積もっていることになり不適切。  \n"
   ]
  },
  {
   "cell_type": "code",
   "execution_count": 8,
   "metadata": {
    "collapsed": false,
    "scrolled": true
   },
   "outputs": [
    {
     "name": "stdout",
     "output_type": "stream",
     "text": [
      "二次式における'LSTAT'の住宅価格への決定係数は0.52\n",
      "三次式における'LSTAT'の住宅価格への決定係数は0.54\n",
      "四次式における'LSTAT'の住宅価格への決定係数は0.57\n"
     ]
    }
   ],
   "source": [
    "lin_2d = LinearRegression()\n",
    "lin_3d = LinearRegression()\n",
    "lin_4d = LinearRegression()\n",
    "\n",
    "degree_2 = PolynomialFeatures(degree=2)\n",
    "degree_3 = PolynomialFeatures(degree=3)\n",
    "degree_4 = PolynomialFeatures(degree=4)\n",
    "\n",
    "x_train_2 = degree_2.fit_transform(x_train[:,None])\n",
    "x_train_3 = degree_3.fit_transform(x_train[:,None])\n",
    "x_train_4 = degree_4.fit_transform(x_train[:,None])\n",
    "\n",
    "lin_2d.fit(x_train_2, y_train)\n",
    "lin_3d.fit(x_train_3, y_train)\n",
    "lin_4d.fit(x_train_4, y_train)\n",
    "\n",
    "x_test_2 = degree_2.fit_transform(x_test[:,None])\n",
    "x_test_3 = degree_3.fit_transform(x_test[:,None])\n",
    "x_test_4 = degree_4.fit_transform(x_test[:,None])\n",
    "\n",
    "score_2d = lin_2d.score(x_test_2, y_test)\n",
    "score_3d = lin_3d.score(x_test_3, y_test)\n",
    "score_4d = lin_4d.score(x_test_4, y_test)\n",
    "\n",
    "print(\"二次式における'LSTAT'の住宅価格への決定係数は%.2f\"%(score_2d))\n",
    "print(\"三次式における'LSTAT'の住宅価格への決定係数は%.2f\"%(score_3d))\n",
    "print(\"四次式における'LSTAT'の住宅価格への決定係数は%.2f\"%(score_4d))"
   ]
  },
  {
   "cell_type": "markdown",
   "metadata": {},
   "source": [
    "次数が大きくなるとどうなるか記述せよ  \n",
    "以下の観点をすべて含めて記述しましょう。  \n",
    "説明変数をxとして、次数を増やしていくとどのように数式が変化していくか記述せよ（1次式 ax + b）  \n",
    "次数を増やすとどのようなメリットが考えられるか  \n",
    "次数を増やすとどのようなデメリットが考えられるか  \n",
    "【回答】  \n",
    "\\begin{eqnarray}\n",
    "&1次式&　ax + b \\\\\n",
    "&2次式&　ax^2 + bx + c \\\\\n",
    "&3次式&　ax^3 + bx^2 + cx + d \\\\\n",
    "&4次式&　ax^4 + bx^3 + cx^2 + dx + e \\\\\n",
    "\\end{eqnarray}\n",
    "\n",
    "次数を増やすとより正確に予測できるメリットはあるが、\n",
    "次数を増やし過ぎるとオーバーフィッティングするデメリットがある。"
   ]
  },
  {
   "cell_type": "code",
   "execution_count": 224,
   "metadata": {
    "collapsed": false
   },
   "outputs": [
    {
     "data": {
      "text/html": [
       "<div>\n",
       "<table border=\"1\" class=\"dataframe\">\n",
       "  <thead>\n",
       "    <tr style=\"text-align: right;\">\n",
       "      <th></th>\n",
       "      <th>CRIM</th>\n",
       "      <th>ZN</th>\n",
       "      <th>INDUS</th>\n",
       "      <th>CHAS</th>\n",
       "      <th>NOX</th>\n",
       "      <th>RM</th>\n",
       "      <th>AGE</th>\n",
       "      <th>DIS</th>\n",
       "      <th>RAD</th>\n",
       "      <th>TAX</th>\n",
       "      <th>PTRATIO</th>\n",
       "      <th>B</th>\n",
       "      <th>LSTAT</th>\n",
       "      <th>MEDV</th>\n",
       "    </tr>\n",
       "  </thead>\n",
       "  <tbody>\n",
       "    <tr>\n",
       "      <th>CRIM</th>\n",
       "      <td>1.000000</td>\n",
       "      <td>-0.199458</td>\n",
       "      <td>0.404471</td>\n",
       "      <td>-0.055295</td>\n",
       "      <td>0.417521</td>\n",
       "      <td>-0.219940</td>\n",
       "      <td>0.350784</td>\n",
       "      <td>-0.377904</td>\n",
       "      <td>0.622029</td>\n",
       "      <td>0.579564</td>\n",
       "      <td>0.288250</td>\n",
       "      <td>-0.377365</td>\n",
       "      <td>0.452220</td>\n",
       "      <td>-0.385832</td>\n",
       "    </tr>\n",
       "    <tr>\n",
       "      <th>ZN</th>\n",
       "      <td>-0.199458</td>\n",
       "      <td>1.000000</td>\n",
       "      <td>-0.533828</td>\n",
       "      <td>-0.042697</td>\n",
       "      <td>-0.516604</td>\n",
       "      <td>0.311991</td>\n",
       "      <td>-0.569537</td>\n",
       "      <td>0.664408</td>\n",
       "      <td>-0.311948</td>\n",
       "      <td>-0.314563</td>\n",
       "      <td>-0.391679</td>\n",
       "      <td>0.175520</td>\n",
       "      <td>-0.412995</td>\n",
       "      <td>0.360445</td>\n",
       "    </tr>\n",
       "    <tr>\n",
       "      <th>INDUS</th>\n",
       "      <td>0.404471</td>\n",
       "      <td>-0.533828</td>\n",
       "      <td>1.000000</td>\n",
       "      <td>0.062938</td>\n",
       "      <td>0.763651</td>\n",
       "      <td>-0.391676</td>\n",
       "      <td>0.644779</td>\n",
       "      <td>-0.708027</td>\n",
       "      <td>0.595129</td>\n",
       "      <td>0.720760</td>\n",
       "      <td>0.383248</td>\n",
       "      <td>-0.356977</td>\n",
       "      <td>0.603800</td>\n",
       "      <td>-0.483725</td>\n",
       "    </tr>\n",
       "    <tr>\n",
       "      <th>CHAS</th>\n",
       "      <td>-0.055295</td>\n",
       "      <td>-0.042697</td>\n",
       "      <td>0.062938</td>\n",
       "      <td>1.000000</td>\n",
       "      <td>0.091203</td>\n",
       "      <td>0.091251</td>\n",
       "      <td>0.086518</td>\n",
       "      <td>-0.099176</td>\n",
       "      <td>-0.007368</td>\n",
       "      <td>-0.035587</td>\n",
       "      <td>-0.121515</td>\n",
       "      <td>0.048788</td>\n",
       "      <td>-0.053929</td>\n",
       "      <td>0.175260</td>\n",
       "    </tr>\n",
       "    <tr>\n",
       "      <th>NOX</th>\n",
       "      <td>0.417521</td>\n",
       "      <td>-0.516604</td>\n",
       "      <td>0.763651</td>\n",
       "      <td>0.091203</td>\n",
       "      <td>1.000000</td>\n",
       "      <td>-0.302188</td>\n",
       "      <td>0.731470</td>\n",
       "      <td>-0.769230</td>\n",
       "      <td>0.611441</td>\n",
       "      <td>0.668023</td>\n",
       "      <td>0.188933</td>\n",
       "      <td>-0.380051</td>\n",
       "      <td>0.590879</td>\n",
       "      <td>-0.427321</td>\n",
       "    </tr>\n",
       "    <tr>\n",
       "      <th>RM</th>\n",
       "      <td>-0.219940</td>\n",
       "      <td>0.311991</td>\n",
       "      <td>-0.391676</td>\n",
       "      <td>0.091251</td>\n",
       "      <td>-0.302188</td>\n",
       "      <td>1.000000</td>\n",
       "      <td>-0.240265</td>\n",
       "      <td>0.205246</td>\n",
       "      <td>-0.209847</td>\n",
       "      <td>-0.292048</td>\n",
       "      <td>-0.355501</td>\n",
       "      <td>0.128069</td>\n",
       "      <td>-0.613808</td>\n",
       "      <td>0.695360</td>\n",
       "    </tr>\n",
       "    <tr>\n",
       "      <th>AGE</th>\n",
       "      <td>0.350784</td>\n",
       "      <td>-0.569537</td>\n",
       "      <td>0.644779</td>\n",
       "      <td>0.086518</td>\n",
       "      <td>0.731470</td>\n",
       "      <td>-0.240265</td>\n",
       "      <td>1.000000</td>\n",
       "      <td>-0.747881</td>\n",
       "      <td>0.456022</td>\n",
       "      <td>0.506456</td>\n",
       "      <td>0.261515</td>\n",
       "      <td>-0.273534</td>\n",
       "      <td>0.602339</td>\n",
       "      <td>-0.376955</td>\n",
       "    </tr>\n",
       "    <tr>\n",
       "      <th>DIS</th>\n",
       "      <td>-0.377904</td>\n",
       "      <td>0.664408</td>\n",
       "      <td>-0.708027</td>\n",
       "      <td>-0.099176</td>\n",
       "      <td>-0.769230</td>\n",
       "      <td>0.205246</td>\n",
       "      <td>-0.747881</td>\n",
       "      <td>1.000000</td>\n",
       "      <td>-0.494588</td>\n",
       "      <td>-0.534432</td>\n",
       "      <td>-0.232471</td>\n",
       "      <td>0.291512</td>\n",
       "      <td>-0.496996</td>\n",
       "      <td>0.249929</td>\n",
       "    </tr>\n",
       "    <tr>\n",
       "      <th>RAD</th>\n",
       "      <td>0.622029</td>\n",
       "      <td>-0.311948</td>\n",
       "      <td>0.595129</td>\n",
       "      <td>-0.007368</td>\n",
       "      <td>0.611441</td>\n",
       "      <td>-0.209847</td>\n",
       "      <td>0.456022</td>\n",
       "      <td>-0.494588</td>\n",
       "      <td>1.000000</td>\n",
       "      <td>0.910228</td>\n",
       "      <td>0.464741</td>\n",
       "      <td>-0.444413</td>\n",
       "      <td>0.488676</td>\n",
       "      <td>-0.381626</td>\n",
       "    </tr>\n",
       "    <tr>\n",
       "      <th>TAX</th>\n",
       "      <td>0.579564</td>\n",
       "      <td>-0.314563</td>\n",
       "      <td>0.720760</td>\n",
       "      <td>-0.035587</td>\n",
       "      <td>0.668023</td>\n",
       "      <td>-0.292048</td>\n",
       "      <td>0.506456</td>\n",
       "      <td>-0.534432</td>\n",
       "      <td>0.910228</td>\n",
       "      <td>1.000000</td>\n",
       "      <td>0.460853</td>\n",
       "      <td>-0.441808</td>\n",
       "      <td>0.543993</td>\n",
       "      <td>-0.468536</td>\n",
       "    </tr>\n",
       "    <tr>\n",
       "      <th>PTRATIO</th>\n",
       "      <td>0.288250</td>\n",
       "      <td>-0.391679</td>\n",
       "      <td>0.383248</td>\n",
       "      <td>-0.121515</td>\n",
       "      <td>0.188933</td>\n",
       "      <td>-0.355501</td>\n",
       "      <td>0.261515</td>\n",
       "      <td>-0.232471</td>\n",
       "      <td>0.464741</td>\n",
       "      <td>0.460853</td>\n",
       "      <td>1.000000</td>\n",
       "      <td>-0.177383</td>\n",
       "      <td>0.374044</td>\n",
       "      <td>-0.507787</td>\n",
       "    </tr>\n",
       "    <tr>\n",
       "      <th>B</th>\n",
       "      <td>-0.377365</td>\n",
       "      <td>0.175520</td>\n",
       "      <td>-0.356977</td>\n",
       "      <td>0.048788</td>\n",
       "      <td>-0.380051</td>\n",
       "      <td>0.128069</td>\n",
       "      <td>-0.273534</td>\n",
       "      <td>0.291512</td>\n",
       "      <td>-0.444413</td>\n",
       "      <td>-0.441808</td>\n",
       "      <td>-0.177383</td>\n",
       "      <td>1.000000</td>\n",
       "      <td>-0.366087</td>\n",
       "      <td>0.333461</td>\n",
       "    </tr>\n",
       "    <tr>\n",
       "      <th>LSTAT</th>\n",
       "      <td>0.452220</td>\n",
       "      <td>-0.412995</td>\n",
       "      <td>0.603800</td>\n",
       "      <td>-0.053929</td>\n",
       "      <td>0.590879</td>\n",
       "      <td>-0.613808</td>\n",
       "      <td>0.602339</td>\n",
       "      <td>-0.496996</td>\n",
       "      <td>0.488676</td>\n",
       "      <td>0.543993</td>\n",
       "      <td>0.374044</td>\n",
       "      <td>-0.366087</td>\n",
       "      <td>1.000000</td>\n",
       "      <td>-0.737663</td>\n",
       "    </tr>\n",
       "    <tr>\n",
       "      <th>MEDV</th>\n",
       "      <td>-0.385832</td>\n",
       "      <td>0.360445</td>\n",
       "      <td>-0.483725</td>\n",
       "      <td>0.175260</td>\n",
       "      <td>-0.427321</td>\n",
       "      <td>0.695360</td>\n",
       "      <td>-0.376955</td>\n",
       "      <td>0.249929</td>\n",
       "      <td>-0.381626</td>\n",
       "      <td>-0.468536</td>\n",
       "      <td>-0.507787</td>\n",
       "      <td>0.333461</td>\n",
       "      <td>-0.737663</td>\n",
       "      <td>1.000000</td>\n",
       "    </tr>\n",
       "  </tbody>\n",
       "</table>\n",
       "</div>"
      ],
      "text/plain": [
       "             CRIM        ZN     INDUS      CHAS       NOX        RM       AGE  \\\n",
       "CRIM     1.000000 -0.199458  0.404471 -0.055295  0.417521 -0.219940  0.350784   \n",
       "ZN      -0.199458  1.000000 -0.533828 -0.042697 -0.516604  0.311991 -0.569537   \n",
       "INDUS    0.404471 -0.533828  1.000000  0.062938  0.763651 -0.391676  0.644779   \n",
       "CHAS    -0.055295 -0.042697  0.062938  1.000000  0.091203  0.091251  0.086518   \n",
       "NOX      0.417521 -0.516604  0.763651  0.091203  1.000000 -0.302188  0.731470   \n",
       "RM      -0.219940  0.311991 -0.391676  0.091251 -0.302188  1.000000 -0.240265   \n",
       "AGE      0.350784 -0.569537  0.644779  0.086518  0.731470 -0.240265  1.000000   \n",
       "DIS     -0.377904  0.664408 -0.708027 -0.099176 -0.769230  0.205246 -0.747881   \n",
       "RAD      0.622029 -0.311948  0.595129 -0.007368  0.611441 -0.209847  0.456022   \n",
       "TAX      0.579564 -0.314563  0.720760 -0.035587  0.668023 -0.292048  0.506456   \n",
       "PTRATIO  0.288250 -0.391679  0.383248 -0.121515  0.188933 -0.355501  0.261515   \n",
       "B       -0.377365  0.175520 -0.356977  0.048788 -0.380051  0.128069 -0.273534   \n",
       "LSTAT    0.452220 -0.412995  0.603800 -0.053929  0.590879 -0.613808  0.602339   \n",
       "MEDV    -0.385832  0.360445 -0.483725  0.175260 -0.427321  0.695360 -0.376955   \n",
       "\n",
       "              DIS       RAD       TAX   PTRATIO         B     LSTAT      MEDV  \n",
       "CRIM    -0.377904  0.622029  0.579564  0.288250 -0.377365  0.452220 -0.385832  \n",
       "ZN       0.664408 -0.311948 -0.314563 -0.391679  0.175520 -0.412995  0.360445  \n",
       "INDUS   -0.708027  0.595129  0.720760  0.383248 -0.356977  0.603800 -0.483725  \n",
       "CHAS    -0.099176 -0.007368 -0.035587 -0.121515  0.048788 -0.053929  0.175260  \n",
       "NOX     -0.769230  0.611441  0.668023  0.188933 -0.380051  0.590879 -0.427321  \n",
       "RM       0.205246 -0.209847 -0.292048 -0.355501  0.128069 -0.613808  0.695360  \n",
       "AGE     -0.747881  0.456022  0.506456  0.261515 -0.273534  0.602339 -0.376955  \n",
       "DIS      1.000000 -0.494588 -0.534432 -0.232471  0.291512 -0.496996  0.249929  \n",
       "RAD     -0.494588  1.000000  0.910228  0.464741 -0.444413  0.488676 -0.381626  \n",
       "TAX     -0.534432  0.910228  1.000000  0.460853 -0.441808  0.543993 -0.468536  \n",
       "PTRATIO -0.232471  0.464741  0.460853  1.000000 -0.177383  0.374044 -0.507787  \n",
       "B        0.291512 -0.444413 -0.441808 -0.177383  1.000000 -0.366087  0.333461  \n",
       "LSTAT   -0.496996  0.488676  0.543993  0.374044 -0.366087  1.000000 -0.737663  \n",
       "MEDV     0.249929 -0.381626 -0.468536 -0.507787  0.333461 -0.737663  1.000000  "
      ]
     },
     "execution_count": 224,
     "metadata": {},
     "output_type": "execute_result"
    }
   ],
   "source": [
    "y.columns = ['MEDV']\n",
    "test = pd.concat([X, y], axis=1)\n",
    "test.corr()"
   ]
  },
  {
   "cell_type": "code",
   "execution_count": 226,
   "metadata": {
    "collapsed": false
   },
   "outputs": [
    {
     "name": "stdout",
     "output_type": "stream",
     "text": [
      "(506, 10)\n"
     ]
    }
   ],
   "source": [
    "x2 = X.loc[:, ['CRIM','ZN','INDUS','NOX','RM','AGE','DIS','RAD','B','LSTAT']]\n",
    "print(x2.shape)"
   ]
  },
  {
   "cell_type": "code",
   "execution_count": 227,
   "metadata": {
    "collapsed": false
   },
   "outputs": [
    {
     "name": "stdout",
     "output_type": "stream",
     "text": [
      "(404, 10)\n",
      "(102, 10)\n",
      "(404, 1)\n",
      "(102, 1)\n"
     ]
    }
   ],
   "source": [
    "x2_train, x2_test, y2_train, y2_test = train_test_split(x2, y, test_size=0.2, random_state=0)\n",
    "print(x2_train.shape)\n",
    "print(x2_test.shape)\n",
    "print(y2_train.shape)\n",
    "print(y2_test.shape)"
   ]
  },
  {
   "cell_type": "code",
   "execution_count": 228,
   "metadata": {
    "collapsed": false
   },
   "outputs": [
    {
     "data": {
      "text/plain": [
       "LinearRegression(copy_X=True, fit_intercept=True, n_jobs=1, normalize=False)"
      ]
     },
     "execution_count": 228,
     "metadata": {},
     "output_type": "execute_result"
    }
   ],
   "source": [
    "lin_1d_2 = LinearRegression()\n",
    "degree = PolynomialFeatures(degree=2)\n",
    "x2_train_2 = degree.fit_transform(x2_train)\n",
    "lin_1d_2.fit(x2_train_2, y_train)"
   ]
  },
  {
   "cell_type": "code",
   "execution_count": 229,
   "metadata": {
    "collapsed": false
   },
   "outputs": [
    {
     "name": "stdout",
     "output_type": "stream",
     "text": [
      "重回帰における住宅価格への決定係数は0.75\n"
     ]
    }
   ],
   "source": [
    "x2_test_2 = degree.fit_transform(x2_test)\n",
    "score_1d_2 = lin_1d_2.score(x2_test_2, y_test)\n",
    "print(\"重回帰における住宅価格への決定係数は%.2f\"%(score_1d_2))"
   ]
  },
  {
   "cell_type": "markdown",
   "metadata": {},
   "source": [
    "重回帰について記述せよ  \n",
    "以下の観点をすべて含めて記述しましょう。  \n",
    "説明変数を増やすことでどのようなメリットがあるか  \n",
    "説明変数を増やすことでどのようなデメリットがあるか  \n",
    "【回答】  \n",
    "説明変数を増やすことで予測の精度(汎化能力）は単回帰と比較して上がる。  \n",
    "しかし説明変数同士で相関関係の強いものを説明変数に入れるとオーバーフィッティングの問題が発生する。  "
   ]
  }
 ],
 "metadata": {
  "kernelspec": {
   "display_name": "Python 3",
   "language": "python",
   "name": "python3"
  },
  "language_info": {
   "codemirror_mode": {
    "name": "ipython",
    "version": 3
   },
   "file_extension": ".py",
   "mimetype": "text/x-python",
   "name": "python",
   "nbconvert_exporter": "python",
   "pygments_lexer": "ipython3",
   "version": "3.6.0"
  }
 },
 "nbformat": 4,
 "nbformat_minor": 2
}
